0.16563655815819256
0.45187875027611146
0.7904070702347996
0.956310655282283
0.821952868516952
0.8470960951736319
0.2906395229802
0.9458171690882741
0.09034819109770231
0.049793242453831765
0.26432970457177996
0.712009428843631
0.7157601586879959
0.23944382392761598
0.038375560877432435
0.7066219252128849
0.8003504833889712
0.2597305679038906
0.777910328701222
0.8501726979790183
0.7110210964486966
0.47726011356036335
0.14639315931384222
0.13191303826615597
0.32071639972070454
0.3618368472584481
0.06813157609975173
0.44905133377853756
0.576858901859536
0.8665828261184082
0.35917252333742
0.6065825212149113
0.6532350609539445
0.017498400208313503
