0.8935141256005632
0.4059640253224118
0.4396732648861893
0.20600846953319318
0.607251375920421
0.9761567975787102
0.11717811630193031
0.4454263840442306
0.7310256763902813
0.10815843243467183
0.9589408511822406
0.02767960316020779
0.2907439329276744
0.3565997968257928
0.07245854713461075
0.5232486074647402
0.05386842023846605
0.35597443998843725
0.35206823013315436
0.1355489057089746
0.23444909097434974
0.7599488156876845
0.7994665366244108
0.311916206933348
0.28714159496051317
0.7994011071945342
0.39309801036295033
0.3295450993045549
0.5357240244340155
0.5806502372720188
0.07312024099654835
0.6376913150421615
0.9467691394608964
0.898050859483471
0.8593796337894926
0.8211762076857275
0.12776193094041877
0.7041799979928662
0.045889160635598
0.19668257967398384
0.565183078740991
0.1405555420847171
0.7509059688751492
0.8392629839434127
0.23782069301600484
0.15866843999353486
0.8349114573970158
0.24557356594856927
0.6899898388906512
0.20104970446951398
0.19045220670874352
0.33062536432791245
0.20427431246434524
0.9576284732760693
0.9935600717604771
0.44074711147616286
0.2614370950980909
0.6178797009519337
0.7868121765274552
0.8414434464749722
0.6139163635885381
0.5925964282008384
0.7540096221653748
0.2965475917600836
0.4798999763841012
0.0019061858473982118
0.1698124460220075
0.4257384907830214
0.34546023027897665
0.49076928250215945
0.2713448313075335
0.9780547489265516
0.23217922360978827
0.9164906215908869
